﻿省份,城市,日期,累计确诊,新增确诊,累计治愈,新增治愈,累计死亡,新增死亡,新增无症状
北京,境外输入,2022-05-11,713,0,0,0,0,0,0
北京,境外输入,2022-05-10,713,1,0,0,0,0,0
北京,境外输入,2022-05-09,712,1,0,0,0,0,0
北京,境外输入,2022-05-08,711,0,0,0,0,0,0
北京,境外输入,2022-05-07,711,0,0,0,0,0,0
北京,境外输入,2022-05-06,711,1,0,0,0,0,0
北京,境外输入,2022-05-05,710,0,0,0,0,0,0
北京,境外输入,2022-05-04,710,1,0,0,0,0,0
北京,境外输入,2022-05-03,709,1,0,0,0,0,0
北京,境外输入,2022-05-02,708,0,0,0,0,0,0
北京,境外输入,2022-05-01,708,0,0,0,0,0,0
北京,境外输入,2022-04-30,708,0,0,0,0,0,0
北京,境外输入,2022-04-29,708,2,0,0,0,0,0
北京,境外输入,2022-04-28,706,2,0,0,0,0,0
北京,境外输入,2022-04-27,704,1,0,0,0,0,0
北京,境外输入,2022-04-26,703,0,0,0,0,0,0
北京,境外输入,2022-04-25,703,0,0,0,0,0,0
北京,境外输入,2022-04-24,703,1,0,0,0,0,0
北京,境外输入,2022-04-23,702,0,0,0,0,0,0
北京,境外输入,2022-04-22,702,2,0,0,0,0,0
北京,境外输入,2022-04-21,700,0,0,0,0,0,0
北京,境外输入,2022-04-20,700,0,0,0,0,0,0
北京,境外输入,2022-04-19,700,0,0,0,0,0,0
北京,境外输入,2022-04-18,700,1,0,0,0,0,0
北京,境外输入,2022-04-17,699,4,0,0,0,0,0
北京,境外输入,2022-04-16,695,0,0,0,0,0,0
北京,境外输入,2022-04-15,695,1,0,0,0,0,0
北京,境外输入,2022-04-14,694,1,0,0,0,0,0
北京,境外输入,2022-04-13,693,1,0,0,0,0,0
北京,境外输入,2022-04-12,692,0,0,0,0,0,0
北京,境外输入,2022-04-11,692,0,0,0,0,0,0
北京,境外输入,2022-04-10,692,1,0,0,0,0,0
北京,境外输入,2022-04-09,691,1,0,0,0,0,0
北京,境外输入,2022-04-08,690,2,0,0,0,0,0
北京,境外输入,2022-04-07,688,0,0,0,0,0,0
北京,境外输入,2022-04-06,688,1,0,0,0,0,0
北京,境外输入,2022-04-05,687,0,0,0,0,0,0
北京,境外输入,2022-04-04,687,2,0,0,0,0,0
北京,境外输入,2022-04-03,685,3,0,0,0,0,0
北京,境外输入,2022-04-02,682,0,0,0,0,0,0
北京,境外输入,2022-04-01,682,8,0,0,0,0,0
北京,境外输入,2022-03-31,674,2,0,0,0,0,0
北京,境外输入,2022-03-30,672,2,0,0,0,0,0
北京,境外输入,2022-03-29,670,1,0,0,0,0,0
北京,境外输入,2022-03-28,669,3,0,0,0,0,0
北京,境外输入,2022-03-27,666,2,0,0,0,0,0
北京,境外输入,2022-03-26,664,1,0,0,0,0,0
北京,境外输入,2022-03-25,663,7,0,0,0,0,0
北京,境外输入,2022-03-24,656,5,0,0,0,0,0
北京,境外输入,2022-03-23,651,0,0,0,0,0,0
北京,境外输入,2022-03-22,651,1,0,0,0,0,0
北京,境外输入,2022-03-21,650,4,0,0,0,0,0
北京,境外输入,2022-03-20,646,4,0,0,0,0,0
北京,境外输入,2022-03-19,642,14,0,0,0,0,0
北京,境外输入,2022-03-18,628,10,0,0,0,0,0
北京,境外输入,2022-03-17,618,7,0,0,0,0,0
北京,境外输入,2022-03-16,611,8,0,0,0,0,0
北京,境外输入,2022-03-15,603,3,0,0,0,0,0
北京,境外输入,2022-03-14,600,9,0,0,0,0,0
北京,境外输入,2022-03-13,591,3,0,0,0,0,0
北京,境外输入,2022-03-12,588,12,0,0,0,0,0
北京,境外输入,2022-03-11,576,5,0,0,0,0,0
北京,境外输入,2022-03-10,571,15,0,0,0,0,0
北京,境外输入,2022-03-09,556,14,0,0,0,0,0
北京,境外输入,2022-03-08,542,5,0,0,0,0,0
北京,境外输入,2022-03-07,537,21,0,0,0,0,0
北京,境外输入,2022-03-06,516,6,0,0,0,0,0
北京,境外输入,2022-03-05,510,13,0,0,0,0,0
北京,境外输入,2022-03-04,497,9,0,0,0,0,0
北京,境外输入,2022-03-03,488,9,0,0,0,0,0
北京,境外输入,2022-03-02,479,11,0,0,0,0,0
北京,境外输入,2022-03-01,468,5,0,0,0,0,0
北京,境外输入,2022-02-28,463,12,0,0,0,0,0
北京,境外输入,2022-02-27,451,20,0,0,0,0,0
北京,境外输入,2022-02-26,431,8,0,0,0,0,0
北京,境外输入,2022-02-25,423,4,0,0,0,0,0
北京,境外输入,2022-02-24,419,8,0,0,0,0,0
北京,境外输入,2022-02-23,411,7,0,0,0,0,0
北京,境外输入,2022-02-22,404,8,0,0,0,0,0
北京,境外输入,2022-02-21,396,4,0,0,0,0,0
北京,境外输入,2022-02-20,392,9,0,0,0,0,0
北京,境外输入,2022-02-19,383,6,0,0,0,0,0
北京,境外输入,2022-02-18,377,4,0,0,0,0,0
北京,境外输入,2022-02-17,373,0,0,0,0,0,0
北京,境外输入,2022-02-16,373,0,0,0,0,0,0
北京,境外输入,2022-02-15,373,0,0,0,0,0,0
北京,境外输入,2022-02-14,373,1,0,0,0,0,0
北京,境外输入,2022-02-13,372,0,0,0,0,0,0
北京,境外输入,2022-02-12,372,2,0,0,0,0,0
北京,境外输入,2022-02-11,370,0,0,0,0,0,0
北京,境外输入,2022-02-10,370,0,0,0,0,0,0
北京,境外输入,2022-02-09,370,0,0,0,0,0,0
北京,境外输入,2022-02-08,370,1,0,0,0,0,0
北京,境外输入,2022-02-07,369,1,0,0,0,0,0
北京,境外输入,2022-02-06,368,1,0,0,0,0,0
北京,境外输入,2022-02-05,367,0,0,0,0,0,0
北京,境外输入,2022-02-04,367,0,0,0,0,0,0
北京,境外输入,2022-02-03,367,1,0,0,0,0,0
北京,境外输入,2022-02-02,366,2,0,0,0,0,0
北京,境外输入,2022-02-01,364,1,0,0,0,0,0
北京,境外输入,2022-01-31,363,2,0,0,0,0,0
北京,境外输入,2022-01-30,361,0,0,0,0,0,0
北京,境外输入,2022-01-29,361,3,0,0,0,0,0
北京,境外输入,2022-01-28,358,0,0,0,0,0,0
北京,境外输入,2022-01-27,358,2,0,0,0,0,0
北京,境外输入,2022-01-26,356,1,0,0,0,0,0
北京,境外输入,2022-01-25,355,1,0,0,0,0,0
北京,境外输入,2022-01-24,354,3,0,0,0,0,0
北京,境外输入,2022-01-23,351,1,0,0,0,0,0
北京,境外输入,2022-01-22,350,0,0,0,0,0,0
北京,境外输入,2022-01-21,350,1,0,0,0,0,0
北京,境外输入,2022-01-20,349,2,0,0,0,0,0
北京,境外输入,2022-01-19,347,1,0,0,0,0,0
北京,境外输入,2022-01-18,346,5,0,0,0,0,0
北京,境外输入,2022-01-17,341,3,0,0,0,0,0
北京,境外输入,2022-01-16,338,1,0,0,0,0,0
北京,境外输入,2022-01-15,337,1,0,0,0,0,0
北京,境外输入,2022-01-14,336,0,0,0,0,0,0
北京,境外输入,2022-01-13,336,1,0,0,0,0,0
北京,境外输入,2022-01-12,335,1,0,0,0,0,0
北京,境外输入,2022-01-11,334,2,0,0,0,0,0
北京,境外输入,2022-01-10,332,1,0,0,0,0,0
北京,境外输入,2022-01-09,331,0,0,0,0,0,0
北京,境外输入,2022-01-08,331,1,0,0,0,0,0
北京,境外输入,2022-01-07,330,0,0,0,0,0,0
北京,境外输入,2022-01-06,330,1,0,0,0,0,0
北京,境外输入,2022-01-05,329,0,0,0,0,0,0
北京,境外输入,2022-01-04,329,1,0,0,0,0,0
北京,境外输入,2022-01-03,328,0,0,0,0,0,0
北京,境外输入,2022-01-02,328,4,0,0,0,0,0
北京,境外输入,2022-01-01,324,0,0,0,0,0,0
北京,境外输入,2021-12-31,324,2,0,0,0,0,0
北京,境外输入,2021-12-30,322,0,0,0,0,0,0
北京,境外输入,2021-12-29,322,1,0,0,0,0,0
北京,境外输入,2021-12-28,321,0,0,0,0,0,0
北京,境外输入,2021-12-27,321,0,0,0,0,0,0
北京,境外输入,2021-12-26,321,2,0,0,0,0,0
北京,境外输入,2021-12-25,319,1,0,0,0,0,0
北京,境外输入,2021-12-24,318,0,0,0,0,0,0
北京,境外输入,2021-12-23,318,0,0,0,0,0,0
北京,境外输入,2021-12-22,318,0,0,0,0,0,0
北京,境外输入,2021-12-21,318,0,0,0,0,0,0
北京,境外输入,2021-12-20,318,1,0,0,0,0,0
北京,境外输入,2021-12-19,317,3,0,0,0,0,0
北京,境外输入,2021-12-18,314,0,0,0,0,0,0
北京,境外输入,2021-12-17,314,1,0,0,0,0,0
北京,境外输入,2021-12-16,313,1,0,0,0,0,0
北京,境外输入,2021-12-15,312,0,0,0,0,0,0
北京,境外输入,2021-12-14,312,0,0,0,0,0,0
北京,境外输入,2021-12-13,312,0,0,0,0,0,0
北京,境外输入,2021-12-12,312,2,0,0,0,0,0
北京,境外输入,2021-12-11,310,0,0,0,0,0,0
北京,境外输入,2021-12-10,310,0,0,0,0,0,0
北京,境外输入,2021-12-09,310,1,0,0,0,0,0
北京,境外输入,2021-12-08,309,0,0,0,0,0,0
北京,境外输入,2021-12-07,309,0,0,0,0,0,0
北京,境外输入,2021-12-06,309,1,0,0,0,0,0
北京,境外输入,2021-12-05,308,0,0,0,0,0,0
北京,境外输入,2021-12-04,308,0,0,0,0,0,0
北京,境外输入,2021-12-03,308,0,0,0,0,0,0
北京,境外输入,2021-12-02,308,2,0,0,0,0,0
北京,境外输入,2021-12-01,306,0,0,0,0,0,0
北京,境外输入,2021-11-30,306,0,0,0,0,0,0
北京,境外输入,2021-11-29,306,0,0,0,0,0,0
北京,境外输入,2021-11-28,306,0,0,0,0,0,0
北京,境外输入,2021-11-27,306,0,0,0,0,0,0
北京,境外输入,2021-11-26,306,0,0,0,0,0,0
北京,境外输入,2021-11-25,306,0,0,0,0,0,0
北京,境外输入,2021-11-24,306,0,0,0,0,0,0
北京,境外输入,2021-11-23,306,0,0,0,0,0,0
北京,境外输入,2021-11-22,306,0,0,0,0,0,0
北京,境外输入,2021-11-21,306,0,0,0,0,0,0
北京,境外输入,2021-11-20,306,1,0,0,0,0,0
北京,境外输入,2021-11-19,305,0,0,0,0,0,0
北京,境外输入,2021-11-18,305,0,0,0,0,0,0
北京,境外输入,2021-11-17,305,3,0,0,0,0,0
北京,境外输入,2021-11-16,302,1,0,0,0,0,0
北京,境外输入,2021-11-15,301,0,0,0,0,0,0
北京,境外输入,2021-11-14,301,0,0,0,0,0,0
北京,境外输入,2021-11-13,301,0,0,0,0,0,0
北京,境外输入,2021-11-12,301,1,0,0,0,0,0
北京,境外输入,2021-11-11,300,0,0,0,0,0,0
北京,境外输入,2021-11-10,300,0,0,0,0,0,0
北京,境外输入,2021-11-09,300,1,0,0,0,0,0
北京,境外输入,2021-11-08,299,1,0,0,0,0,0
北京,境外输入,2021-11-07,298,0,0,0,0,0,0
北京,境外输入,2021-11-06,298,1,0,0,0,0,0
北京,境外输入,2021-11-05,297,0,0,0,0,0,0
北京,境外输入,2021-11-04,297,0,0,0,0,0,0
北京,境外输入,2021-11-03,297,0,0,0,0,0,0
北京,境外输入,2021-11-02,297,0,0,0,0,0,0
北京,境外输入,2021-11-01,297,1,0,0,0,0,0
北京,境外输入,2021-10-31,296,0,0,0,0,0,0
北京,境外输入,2021-10-30,296,0,0,0,0,0,0
北京,境外输入,2021-10-29,296,1,0,0,0,0,0