﻿省份,城市,日期,累计确诊,新增确诊,累计治愈,新增治愈,累计死亡,新增死亡,新增无症状
上海,虹口区,2022-05-11,3573,18,3314,78,0,0,84
上海,虹口区,2022-05-10,3555,48,3236,70,0,0,88
上海,虹口区,2022-05-09,3507,31,3166,91,0,0,238
上海,虹口区,2022-05-08,3476,54,3075,60,0,0,263
上海,虹口区,2022-05-07,3422,24,3015,78,0,0,248
上海,虹口区,2022-05-06,3398,17,2937,190,0,0,262
上海,虹口区,2022-05-05,3381,15,2747,64,0,0,252
上海,虹口区,2022-05-04,3366,16,2683,830,0,0,310
上海,虹口区,2022-05-03,3350,11,1853,-275,0,0,347
上海,虹口区,2022-05-02,3339,18,2128,464,0,0,348
上海,虹口区,2022-05-01,3321,69,1664,393,0,0,579
上海,虹口区,2022-04-30,3252,47,1271,118,0,0,544
上海,虹口区,2022-04-29,3205,22,1153,157,0,0,993
上海,虹口区,2022-04-28,3183,469,996,94,0,0,905
上海,虹口区,2022-04-27,2714,68,902,134,0,0,1023
上海,虹口区,2022-04-26,2646,37,768,91,0,0,1099
上海,虹口区,2022-04-25,2609,138,677,13,0,0,1132
上海,虹口区,2022-04-24,2471,106,664,149,0,0,549
上海,虹口区,2022-04-23,2365,82,515,151,0,0,737
上海,虹口区,2022-04-22,2283,428,364,10,0,0,569
上海,虹口区,2022-04-21,1855,103,354,157,0,0,782
上海,虹口区,2022-04-20,1752,102,197,49,0,0,730
上海,虹口区,2022-04-19,1650,148,148,57,0,0,605
上海,虹口区,2022-04-18,1502,233,91,34,0,0,859
上海,虹口区,2022-04-17,1269,266,57,3,0,0,900
上海,虹口区,2022-04-16,1003,157,54,1,0,0,870
上海,虹口区,2022-04-15,846,287,53,3,0,0,1210
上海,虹口区,2022-04-14,559,174,50,0,0,0,756
上海,虹口区,2022-04-13,385,121,50,0,0,0,1367
上海,虹口区,2022-04-12,264,83,50,0,0,0,848
上海,虹口区,2022-04-11,181,25,50,11,0,0,1390
上海,虹口区,2022-04-10,156,6,39,6,0,0,1272
上海,虹口区,2022-04-09,150,12,33,11,0,0,337
上海,虹口区,2022-04-08,138,18,22,4,0,0,362
上海,虹口区,2022-04-07,120,26,18,0,0,0,568
上海,虹口区,2022-04-06,94,1,18,1,0,0,669
上海,虹口区,2022-04-05,93,8,17,1,0,0,403
上海,虹口区,2022-04-04,85,5,16,0,0,0,604
上海,虹口区,2022-04-03,80,11,16,0,0,0,178
上海,虹口区,2022-04-02,69,31,16,2,0,0,313
上海,虹口区,2022-04-01,38,3,14,1,0,0,57
上海,虹口区,2022-03-31,35,7,13,0,0,0,118
上海,虹口区,2022-03-30,28,1,13,0,0,0,83
上海,虹口区,2022-03-29,27,7,13,1,0,0,66
上海,虹口区,2022-03-28,20,4,12,1,0,0,4
上海,虹口区,2022-03-27,16,1,11,0,0,0,26
上海,虹口区,2022-03-26,15,1,11,0,0,0,48
上海,虹口区,2022-03-25,14,0,11,0,0,0,4
上海,虹口区,2022-03-24,14,0,11,1,0,0,29
上海,虹口区,2022-03-23,14,0,10,0,0,0,26
上海,虹口区,2022-03-22,14,0,10,0,0,0,13
上海,虹口区,2022-03-21,14,0,10,1,0,0,23
上海,虹口区,2022-03-20,14,0,9,0,0,0,12
上海,虹口区,2022-03-19,14,1,9,2,0,0,6
上海,虹口区,2022-03-18,13,0,7,0,0,0,19
上海,虹口区,2022-03-17,13,1,7,0,0,0,6
上海,虹口区,2022-03-16,12,0,7,0,0,0,10
上海,虹口区,2022-03-15,12,0,7,0,0,0,6
上海,虹口区,2022-03-14,12,1,7,0,0,0,3
上海,虹口区,2022-03-13,11,1,7,0,0,0,3
上海,虹口区,2022-03-12,10,0,7,0,0,0,0
上海,虹口区,2022-03-11,10,0,7,0,0,0,3
上海,虹口区,2022-03-10,10,2,7,0,0,0,4
上海,虹口区,2022-03-09,8,1,7,0,0,0,1
上海,虹口区,2022-03-08,7,0,7,0,0,0,0
上海,虹口区,2022-03-07,7,0,7,0,0,0,0
上海,虹口区,2022-03-06,7,0,7,0,0,0,0
上海,虹口区,2022-03-05,7,0,7,0,0,0,0
上海,虹口区,2022-03-04,7,0,7,0,0,0,0
上海,虹口区,2022-03-03,7,0,7,0,0,0,0
上海,虹口区,2022-03-02,7,0,7,0,0,0,0
上海,虹口区,2022-03-01,7,0,7,0,0,0,0
上海,虹口区,2022-02-28,7,0,7,0,0,0,0
上海,虹口区,2022-02-27,7,0,7,0,0,0,0
上海,虹口区,2022-02-26,7,0,7,0,0,0,0
上海,虹口区,2022-02-25,7,0,7,0,0,0,0
上海,虹口区,2022-02-24,7,0,7,0,0,0,0
上海,虹口区,2022-02-23,7,0,7,0,0,0,0
上海,虹口区,2022-02-22,7,0,7,0,0,0,0
上海,虹口区,2022-02-21,7,0,7,0,0,0,0
上海,虹口区,2022-02-20,7,0,7,0,0,0,0
上海,虹口区,2022-02-19,7,0,7,0,0,0,0
上海,虹口区,2022-02-18,7,0,7,0,0,0,0
上海,虹口区,2022-02-17,7,0,7,0,0,0,0
上海,虹口区,2022-02-16,7,0,7,0,0,0,0
上海,虹口区,2022-02-15,7,0,7,0,0,0,0
上海,虹口区,2022-02-14,7,0,7,0,0,0,0
上海,虹口区,2022-02-13,7,0,7,0,0,0,0
上海,虹口区,2022-02-12,7,0,7,0,0,0,0
上海,虹口区,2022-02-11,7,0,7,0,0,0,0
上海,虹口区,2022-02-10,7,0,7,0,0,0,0
上海,虹口区,2022-02-09,7,0,7,0,0,0,0
上海,虹口区,2022-02-08,7,0,7,0,0,0,0
上海,虹口区,2022-02-07,7,0,7,0,0,0,0
上海,虹口区,2022-02-06,7,0,7,0,0,0,0
上海,虹口区,2022-02-05,7,0,7,0,0,0,0
上海,虹口区,2022-02-04,7,0,7,0,0,0,0
上海,虹口区,2022-02-03,7,0,7,0,0,0,0
上海,虹口区,2022-02-02,7,0,7,0,0,0,0
上海,虹口区,2022-02-01,7,0,7,0,0,0,0
上海,虹口区,2022-01-31,7,0,7,0,0,0,0
上海,虹口区,2022-01-30,7,0,7,0,0,0,0
上海,虹口区,2022-01-29,7,0,7,0,0,0,0
上海,虹口区,2022-01-28,7,0,7,0,0,0,0
上海,虹口区,2022-01-27,7,0,7,0,0,0,0
上海,虹口区,2022-01-26,7,0,7,0,0,0,0
上海,虹口区,2022-01-25,7,0,7,0,0,0,0
上海,虹口区,2022-01-24,7,0,7,0,0,0,0
上海,虹口区,2022-01-23,7,0,7,0,0,0,0
上海,虹口区,2022-01-22,7,0,7,0,0,0,0
上海,虹口区,2022-01-21,7,0,7,0,0,0,0
上海,虹口区,2022-01-20,7,0,7,0,0,0,0
上海,虹口区,2022-01-19,7,0,7,0,0,0,0
上海,虹口区,2022-01-18,7,0,7,0,0,0,0
上海,虹口区,2022-01-17,7,0,7,0,0,0,0
上海,虹口区,2022-01-16,7,0,7,0,0,0,0
上海,虹口区,2022-01-15,7,0,7,0,0,0,0
上海,虹口区,2022-01-14,7,0,7,0,0,0,0
上海,虹口区,2022-01-13,7,0,7,0,0,0,0
上海,虹口区,2022-01-12,7,0,7,0,0,0,0
上海,虹口区,2022-01-11,7,0,7,0,0,0,0
上海,虹口区,2022-01-10,7,0,7,0,0,0,0
上海,虹口区,2022-01-09,7,0,7,0,0,0,0
上海,虹口区,2022-01-08,7,0,7,0,0,0,0
上海,虹口区,2022-01-07,7,0,7,0,0,0,0
上海,虹口区,2022-01-06,7,0,7,0,0,0,0
上海,虹口区,2022-01-05,7,0,7,0,0,0,0
上海,虹口区,2022-01-04,7,0,7,0,0,0,0
上海,虹口区,2022-01-03,7,0,7,0,0,0,0
上海,虹口区,2022-01-02,7,0,7,0,0,0,0
上海,虹口区,2022-01-01,7,0,7,0,0,0,0
上海,虹口区,2021-12-31,7,0,7,0,0,0,0
上海,虹口区,2021-12-30,7,0,7,0,0,0,0
上海,虹口区,2021-12-29,7,0,7,0,0,0,0
上海,虹口区,2021-12-28,7,0,7,0,0,0,0
上海,虹口区,2021-12-27,7,0,7,0,0,0,0
上海,虹口区,2021-12-26,7,0,7,0,0,0,0
上海,虹口区,2021-12-25,7,0,7,0,0,0,0
上海,虹口区,2021-12-24,7,0,7,0,0,0,0
上海,虹口区,2021-12-23,7,0,7,0,0,0,0
上海,虹口区,2021-12-22,7,0,7,0,0,0,0
上海,虹口区,2021-12-21,7,0,7,0,0,0,0
上海,虹口区,2021-12-20,7,0,7,0,0,0,0
上海,虹口区,2021-12-19,7,0,7,0,0,0,0
上海,虹口区,2021-12-18,7,0,7,0,0,0,0
上海,虹口区,2021-12-17,7,0,7,0,0,0,0
上海,虹口区,2021-12-16,7,0,7,0,0,0,0
上海,虹口区,2021-12-15,7,0,7,0,0,0,0
上海,虹口区,2021-12-14,7,0,7,0,0,0,0
上海,虹口区,2021-12-13,7,0,7,0,0,0,0
上海,虹口区,2021-12-12,7,0,7,0,0,0,0
上海,虹口区,2021-12-11,7,0,7,0,0,0,0
上海,虹口区,2021-12-10,7,0,7,0,0,0,0
上海,虹口区,2021-12-09,7,0,7,0,0,0,0
上海,虹口区,2021-12-08,7,0,7,0,0,0,0
上海,虹口区,2021-12-07,7,0,7,0,0,0,0
上海,虹口区,2021-12-06,7,0,7,0,0,0,0
上海,虹口区,2021-12-05,7,0,7,0,0,0,0
上海,虹口区,2021-12-04,7,0,7,0,0,0,0
上海,虹口区,2021-12-03,7,0,7,0,0,0,0
上海,虹口区,2021-12-02,7,0,7,0,0,0,0
上海,虹口区,2021-12-01,7,0,7,0,0,0,0
上海,虹口区,2021-11-30,7,0,7,0,0,0,0
上海,虹口区,2021-11-29,7,0,7,0,0,0,0
上海,虹口区,2021-11-28,7,0,7,0,0,0,0
上海,虹口区,2021-11-27,7,0,7,0,0,0,0
上海,虹口区,2021-11-26,7,0,7,0,0,0,0
上海,虹口区,2021-11-25,7,0,7,0,0,0,0
上海,虹口区,2021-11-24,7,0,7,0,0,0,0
上海,虹口区,2021-11-23,7,0,7,0,0,0,0
上海,虹口区,2021-11-22,7,0,7,0,0,0,0
上海,虹口区,2021-11-21,7,0,7,0,0,0,0
上海,虹口区,2021-11-20,7,0,7,0,0,0,0
上海,虹口区,2021-11-19,7,0,7,0,0,0,0
上海,虹口区,2021-11-18,7,0,7,0,0,0,0
上海,虹口区,2021-11-17,7,0,7,0,0,0,0
上海,虹口区,2021-11-16,7,0,7,0,0,0,0
上海,虹口区,2021-11-15,7,0,7,0,0,0,0
上海,虹口区,2021-11-14,7,0,7,0,0,0,0
上海,虹口区,2021-11-13,7,0,7,0,0,0,0
上海,虹口区,2021-11-12,7,0,7,0,0,0,0
上海,虹口区,2021-11-11,7,0,7,0,0,0,0
上海,虹口区,2021-11-10,7,0,7,0,0,0,0
上海,虹口区,2021-11-09,7,0,7,0,0,0,0
上海,虹口区,2021-11-08,7,0,7,0,0,0,0
上海,虹口区,2021-11-07,7,0,7,0,0,0,0
上海,虹口区,2021-11-06,7,0,7,0,0,0,0
上海,虹口区,2021-11-05,7,0,7,0,0,0,0
上海,虹口区,2021-11-04,7,0,7,0,0,0,0
上海,虹口区,2021-11-03,7,0,7,0,0,0,0
上海,虹口区,2021-11-02,7,0,7,0,0,0,0
上海,虹口区,2021-11-01,7,0,7,0,0,0,0
上海,虹口区,2021-10-31,7,0,7,0,0,0,0
上海,虹口区,2021-10-30,7,0,7,0,0,0,0
上海,虹口区,2021-10-29,7,0,7,0,0,0,0