﻿省份,城市,日期,累计确诊,新增确诊,累计治愈,新增治愈,累计死亡,新增死亡,新增无症状
上海,静安区,2022-05-11,3030,12,2697,29,1,0,158
上海,静安区,2022-05-10,3018,28,2668,37,1,0,191
上海,静安区,2022-05-09,2990,22,2631,83,1,0,371
上海,静安区,2022-05-08,2968,38,2548,40,1,0,582
上海,静安区,2022-05-07,2930,19,2508,57,1,0,529
上海,静安区,2022-05-06,2911,16,2451,220,1,0,468
上海,静安区,2022-05-05,2895,30,2231,86,1,0,485
上海,静安区,2022-05-04,2865,20,2145,862,1,0,525
上海,静安区,2022-05-03,2845,17,1283,-237,1,0,548
上海,静安区,2022-05-02,2828,20,1520,288,1,0,596
上海,静安区,2022-05-01,2808,70,1232,355,1,0,632
上海,静安区,2022-04-30,2738,110,877,80,1,0,886
上海,静安区,2022-04-29,2628,124,797,157,1,0,1143
上海,静安区,2022-04-28,2504,349,640,74,1,0,1015
上海,静安区,2022-04-27,2155,32,566,115,1,0,1057
上海,静安区,2022-04-26,2123,145,451,58,1,0,1249
上海,静安区,2022-04-25,1978,131,393,50,1,0,885
上海,静安区,2022-04-24,1847,142,343,58,1,0,1560
上海,静安区,2022-04-23,1705,40,285,82,1,0,431
上海,静安区,2022-04-22,1665,76,203,-6,1,0,710
上海,静安区,2022-04-21,1589,150,209,46,1,0,1914
上海,静安区,2022-04-20,1439,164,163,32,1,0,966
上海,静安区,2022-04-19,1275,205,131,14,1,0,1528
上海,静安区,2022-04-18,1070,203,117,19,1,0,807
上海,静安区,2022-04-17,867,127,98,4,1,0,715
上海,静安区,2022-04-16,740,143,94,8,1,0,991
上海,静安区,2022-04-15,597,92,86,4,1,0,341
上海,静安区,2022-04-14,505,70,82,6,1,0,196
上海,静安区,2022-04-13,435,49,76,1,1,0,171
上海,静安区,2022-04-12,386,75,75,0,1,0,981
上海,静安区,2022-04-11,311,20,75,11,1,0,1723
上海,静安区,2022-04-10,291,28,64,12,1,0,580
上海,静安区,2022-04-09,263,24,52,5,1,0,577
上海,静安区,2022-04-08,239,39,47,6,1,0,641
上海,静安区,2022-04-07,200,23,41,5,1,0,360
上海,静安区,2022-04-06,177,27,36,5,1,0,516
上海,静安区,2022-04-05,150,12,31,1,1,0,305
上海,静安区,2022-04-04,138,1,30,0,1,0,59
上海,静安区,2022-04-03,137,28,30,0,1,0,315
上海,静安区,2022-04-02,109,25,30,2,1,0,301
上海,静安区,2022-04-01,84,11,28,1,1,0,178
上海,静安区,2022-03-31,73,4,27,0,1,0,158
上海,静安区,2022-03-30,69,8,27,0,1,0,92
上海,静安区,2022-03-29,61,8,27,1,1,0,172
上海,静安区,2022-03-28,53,10,26,1,1,0,93
上海,静安区,2022-03-27,43,5,25,1,1,0,65
上海,静安区,2022-03-26,38,3,24,1,1,0,105
上海,静安区,2022-03-25,35,0,23,1,1,0,2
上海,静安区,2022-03-24,35,8,22,2,1,0,63
上海,静安区,2022-03-23,27,0,20,2,1,0,48
上海,静安区,2022-03-22,27,0,18,0,1,0,28
上海,静安区,2022-03-21,27,0,18,2,1,0,45
上海,静安区,2022-03-20,27,0,16,0,1,0,32
上海,静安区,2022-03-19,27,0,16,0,1,0,15
上海,静安区,2022-03-18,27,0,16,0,1,0,13
上海,静安区,2022-03-17,27,1,16,0,1,0,3
上海,静安区,2022-03-16,26,0,16,0,1,0,3
上海,静安区,2022-03-15,26,0,16,0,1,0,10
上海,静安区,2022-03-14,26,0,16,0,1,0,6
上海,静安区,2022-03-13,26,6,16,0,1,0,4
上海,静安区,2022-03-12,20,0,16,0,1,0,1
上海,静安区,2022-03-11,20,0,16,0,1,0,3
上海,静安区,2022-03-10,20,0,16,0,1,0,2
上海,静安区,2022-03-09,20,1,16,0,1,0,3
上海,静安区,2022-03-08,19,1,16,0,1,0,1
上海,静安区,2022-03-07,18,0,16,0,1,0,0
上海,静安区,2022-03-06,18,0,16,0,1,0,1
上海,静安区,2022-03-05,18,0,16,0,1,0,0
上海,静安区,2022-03-04,18,0,16,0,1,0,0
上海,静安区,2022-03-03,18,0,16,0,1,0,0
上海,静安区,2022-03-02,18,0,16,0,1,0,0
上海,静安区,2022-03-01,18,0,16,0,1,0,0
上海,静安区,2022-02-28,18,0,16,0,1,0,0
上海,静安区,2022-02-27,18,0,16,0,1,0,0
上海,静安区,2022-02-26,18,0,16,0,1,0,0
上海,静安区,2022-02-25,18,0,16,0,1,0,0
上海,静安区,2022-02-24,18,0,16,0,1,0,0
上海,静安区,2022-02-23,18,0,16,0,1,0,0
上海,静安区,2022-02-22,18,0,16,0,1,0,0
上海,静安区,2022-02-21,18,0,16,0,1,0,0
上海,静安区,2022-02-20,18,0,16,0,1,0,0
上海,静安区,2022-02-19,18,0,16,0,1,0,0
上海,静安区,2022-02-18,18,0,16,0,1,0,0
上海,静安区,2022-02-17,18,0,16,0,1,0,0
上海,静安区,2022-02-16,18,0,16,0,1,0,0
上海,静安区,2022-02-15,18,0,16,0,1,0,0
上海,静安区,2022-02-14,18,0,16,0,1,0,0
上海,静安区,2022-02-13,18,0,16,0,1,0,0
上海,静安区,2022-02-12,18,0,16,0,1,0,0
上海,静安区,2022-02-11,18,0,16,0,1,0,0
上海,静安区,2022-02-10,18,0,16,0,1,0,0
上海,静安区,2022-02-09,18,0,16,0,1,0,0
上海,静安区,2022-02-08,18,0,16,0,1,0,0
上海,静安区,2022-02-07,18,0,16,0,1,0,0
上海,静安区,2022-02-06,18,0,16,0,1,0,0
上海,静安区,2022-02-05,18,0,16,0,1,0,0
上海,静安区,2022-02-04,18,0,16,0,1,0,0
上海,静安区,2022-02-03,18,0,16,0,1,0,0
上海,静安区,2022-02-02,18,0,16,0,1,0,0
上海,静安区,2022-02-01,18,0,16,0,1,0,0
上海,静安区,2022-01-31,18,0,16,0,1,0,0
上海,静安区,2022-01-30,18,0,16,0,1,0,0
上海,静安区,2022-01-29,18,0,16,0,1,0,0
上海,静安区,2022-01-28,18,0,16,0,1,0,0
上海,静安区,2022-01-27,18,0,16,0,1,0,0
上海,静安区,2022-01-26,18,0,16,0,1,0,0
上海,静安区,2022-01-25,18,0,16,0,1,0,0
上海,静安区,2022-01-24,18,0,16,0,1,0,0
上海,静安区,2022-01-23,18,0,16,0,1,0,0
上海,静安区,2022-01-22,18,0,16,0,1,0,0
上海,静安区,2022-01-21,18,0,16,0,1,0,0
上海,静安区,2022-01-20,18,0,16,0,1,0,0
上海,静安区,2022-01-19,18,0,16,0,1,0,0
上海,静安区,2022-01-18,18,0,16,0,1,0,0
上海,静安区,2022-01-17,18,0,16,0,1,0,0
上海,静安区,2022-01-16,18,0,16,0,1,0,0
上海,静安区,2022-01-15,18,0,16,0,1,0,0
上海,静安区,2022-01-14,18,0,16,0,1,0,0
上海,静安区,2022-01-13,18,2,16,0,1,0,0
上海,静安区,2022-01-12,16,0,16,0,1,0,0
上海,静安区,2022-01-11,16,0,16,0,1,0,0
上海,静安区,2022-01-10,16,0,16,0,1,0,0
上海,静安区,2022-01-09,16,0,16,0,1,0,0
上海,静安区,2022-01-08,16,0,16,0,1,0,0
上海,静安区,2022-01-07,16,0,16,0,1,0,0
上海,静安区,2022-01-06,16,0,16,0,1,0,0
上海,静安区,2022-01-05,16,0,16,0,1,0,0
上海,静安区,2022-01-04,16,0,16,0,1,0,0
上海,静安区,2022-01-03,16,0,16,0,1,0,0
上海,静安区,2022-01-02,16,0,16,0,1,0,0
上海,静安区,2022-01-01,16,0,16,1,1,0,0
上海,静安区,2021-12-31,16,0,15,0,1,0,0
上海,静安区,2021-12-30,16,0,15,0,1,0,0
上海,静安区,2021-12-29,16,0,15,0,1,0,0
上海,静安区,2021-12-28,16,0,15,0,1,0,0
上海,静安区,2021-12-27,16,0,15,0,1,0,0
上海,静安区,2021-12-26,16,0,15,0,1,0,0
上海,静安区,2021-12-25,16,0,15,0,1,0,0
上海,静安区,2021-12-24,16,0,15,0,1,0,0
上海,静安区,2021-12-23,16,0,15,0,1,0,0
上海,静安区,2021-12-22,16,0,15,0,1,0,0
上海,静安区,2021-12-21,16,0,15,0,1,0,0
上海,静安区,2021-12-20,16,0,15,0,1,0,0
上海,静安区,2021-12-19,16,0,15,0,1,0,0
上海,静安区,2021-12-18,16,0,15,0,1,0,0
上海,静安区,2021-12-17,16,0,15,0,1,0,0
上海,静安区,2021-12-16,16,0,15,0,1,0,0
上海,静安区,2021-12-15,16,0,15,0,1,0,0
上海,静安区,2021-12-14,16,0,15,0,1,0,0
上海,静安区,2021-12-13,16,0,15,0,1,0,0
上海,静安区,2021-12-12,16,0,15,0,1,0,0
上海,静安区,2021-12-11,16,0,15,0,1,0,0
上海,静安区,2021-12-10,16,0,15,0,1,0,0
上海,静安区,2021-12-09,16,0,15,0,1,0,0
上海,静安区,2021-12-08,16,0,15,0,1,0,0
上海,静安区,2021-12-07,16,0,15,0,1,0,0
上海,静安区,2021-12-06,16,0,15,0,1,0,0
上海,静安区,2021-12-05,16,0,15,0,1,0,0
上海,静安区,2021-12-04,16,0,15,0,1,0,0
上海,静安区,2021-12-03,16,0,15,0,1,0,0
上海,静安区,2021-12-02,16,0,15,0,1,0,0
上海,静安区,2021-12-01,16,0,15,0,1,0,0
上海,静安区,2021-11-30,16,0,15,0,1,0,0
上海,静安区,2021-11-29,16,0,15,0,1,0,0
上海,静安区,2021-11-28,16,0,15,0,1,0,0
上海,静安区,2021-11-27,16,0,15,0,1,0,0
上海,静安区,2021-11-26,16,0,15,0,1,0,0
上海,静安区,2021-11-25,16,0,15,0,1,0,0
上海,静安区,2021-11-24,16,0,15,0,1,0,0
上海,静安区,2021-11-23,16,0,15,0,1,0,0
上海,静安区,2021-11-22,16,0,15,0,1,0,0
上海,静安区,2021-11-21,16,0,15,0,1,0,0
上海,静安区,2021-11-20,16,0,15,0,1,0,0
上海,静安区,2021-11-19,16,0,15,0,1,0,0
上海,静安区,2021-11-18,16,0,15,0,1,0,0
上海,静安区,2021-11-17,16,0,15,0,1,0,0
上海,静安区,2021-11-16,16,0,15,0,1,0,0
上海,静安区,2021-11-15,16,0,15,0,1,0,0
上海,静安区,2021-11-14,16,0,15,0,1,0,0
上海,静安区,2021-11-13,16,0,15,0,1,0,0
上海,静安区,2021-11-12,16,0,15,0,1,0,0
上海,静安区,2021-11-11,16,0,15,0,1,0,0
上海,静安区,2021-11-10,16,0,15,0,1,0,0
上海,静安区,2021-11-09,16,0,15,0,1,0,0
上海,静安区,2021-11-08,16,0,15,0,1,0,0
上海,静安区,2021-11-07,16,0,15,0,1,0,0
上海,静安区,2021-11-06,16,0,15,0,1,0,0
上海,静安区,2021-11-05,16,0,15,0,1,0,0
上海,静安区,2021-11-04,16,0,15,0,1,0,0
上海,静安区,2021-11-03,16,0,15,0,1,0,0
上海,静安区,2021-11-02,16,0,15,0,1,0,0
上海,静安区,2021-11-01,16,0,15,0,1,0,0
上海,静安区,2021-10-31,16,0,15,0,1,0,0
上海,静安区,2021-10-30,16,0,15,0,1,0,0
上海,静安区,2021-10-29,16,0,15,0,1,0,0