﻿省份,城市,日期,累计确诊,新增确诊,累计治愈,新增治愈,累计死亡,新增死亡,新增无症状
天津,外地来津,2022-05-11,619,0,605,1,0,0,0
天津,外地来津,2022-05-10,619,0,604,0,0,0,0
天津,外地来津,2022-05-09,619,0,604,0,0,0,0
天津,外地来津,2022-05-08,619,0,604,0,0,0,0
天津,外地来津,2022-05-07,619,0,604,0,0,0,0
天津,外地来津,2022-05-06,619,0,604,0,0,0,0
天津,外地来津,2022-05-05,619,0,604,0,0,0,0
天津,外地来津,2022-05-04,619,0,604,0,0,0,0
天津,外地来津,2022-05-03,619,0,604,0,0,0,0
天津,外地来津,2022-05-02,619,0,604,0,0,0,0
天津,外地来津,2022-05-01,619,1,604,1,0,0,0
天津,外地来津,2022-04-30,618,0,603,0,0,0,0
天津,外地来津,2022-04-29,618,0,603,0,0,0,0
天津,外地来津,2022-04-28,618,0,603,1,0,0,0
天津,外地来津,2022-04-27,618,1,602,1,0,0,0
天津,外地来津,2022-04-26,617,0,601,0,0,0,0
天津,外地来津,2022-04-25,617,0,601,0,0,0,0
天津,外地来津,2022-04-24,617,2,601,0,0,0,0
天津,外地来津,2022-04-23,615,0,601,0,0,0,0
天津,外地来津,2022-04-22,615,0,601,0,0,0,0
天津,外地来津,2022-04-21,615,0,601,0,0,0,0
天津,外地来津,2022-04-20,615,0,601,1,0,0,0
天津,外地来津,2022-04-19,615,0,600,0,0,0,0
天津,外地来津,2022-04-18,615,0,600,0,0,0,0
天津,外地来津,2022-04-17,615,0,600,0,0,0,0
天津,外地来津,2022-04-16,615,0,600,0,0,0,0
天津,外地来津,2022-04-15,615,0,600,0,0,0,0
天津,外地来津,2022-04-14,615,1,600,0,0,0,0
天津,外地来津,2022-04-13,614,0,600,0,0,0,0
天津,外地来津,2022-04-12,614,0,600,0,0,0,0
天津,外地来津,2022-04-11,614,0,600,1,0,0,0
天津,外地来津,2022-04-10,614,0,599,0,0,0,0
天津,外地来津,2022-04-09,614,1,599,0,0,0,0
天津,外地来津,2022-04-08,613,0,599,2,0,0,0
天津,外地来津,2022-04-07,613,1,597,0,0,0,0
天津,外地来津,2022-04-06,612,0,597,0,0,0,0
天津,外地来津,2022-04-05,612,1,597,0,0,0,0
天津,外地来津,2022-04-04,611,1,597,2,0,0,0
天津,外地来津,2022-04-03,610,0,595,1,0,0,0
天津,外地来津,2022-04-02,610,0,594,0,0,0,0
天津,外地来津,2022-04-01,610,0,594,2,0,0,0
天津,外地来津,2022-03-31,610,0,592,0,0,0,0
天津,外地来津,2022-03-30,610,0,592,1,0,0,0
天津,外地来津,2022-03-29,610,0,591,0,0,0,0
天津,外地来津,2022-03-28,610,0,591,2,0,0,0
天津,外地来津,2022-03-27,610,0,589,7,0,0,0
天津,外地来津,2022-03-26,610,1,582,1,0,0,0
天津,外地来津,2022-03-25,609,0,581,0,0,0,0
天津,外地来津,2022-03-24,609,0,581,10,0,0,0
天津,外地来津,2022-03-23,609,0,571,0,0,0,0
天津,外地来津,2022-03-22,609,4,571,5,0,0,0
天津,外地来津,2022-03-21,605,1,566,2,0,0,0
天津,外地来津,2022-03-20,604,4,564,0,0,0,0
天津,外地来津,2022-03-19,600,4,564,8,0,0,0
天津,外地来津,2022-03-18,596,1,556,8,0,0,0
天津,外地来津,2022-03-17,595,2,548,0,0,0,0
天津,外地来津,2022-03-16,593,10,548,1,0,0,0
天津,外地来津,2022-03-15,583,2,547,0,0,0,0
天津,外地来津,2022-03-14,581,3,547,2,0,0,0
天津,外地来津,2022-03-13,578,5,545,4,0,0,0
天津,外地来津,2022-03-12,573,6,541,0,0,0,0
天津,外地来津,2022-03-11,567,2,541,15,0,0,0
天津,外地来津,2022-03-10,565,6,526,1,0,0,0
天津,外地来津,2022-03-09,559,0,525,4,0,0,0
天津,外地来津,2022-03-08,559,0,521,1,0,0,0
天津,外地来津,2022-03-07,559,3,520,0,0,0,0
天津,外地来津,2022-03-06,556,1,520,3,0,0,0
天津,外地来津,2022-03-05,555,1,517,4,0,0,0
天津,外地来津,2022-03-04,554,11,513,1,0,0,0
天津,外地来津,2022-03-03,543,3,512,3,0,0,0
天津,外地来津,2022-03-02,540,1,509,0,0,0,0
天津,外地来津,2022-03-01,539,3,509,0,0,0,0
天津,外地来津,2022-02-28,536,1,509,1,0,0,0
天津,外地来津,2022-02-27,535,0,508,1,0,0,0
天津,外地来津,2022-02-26,535,2,507,1,0,0,0
天津,外地来津,2022-02-25,533,6,506,2,0,0,0
天津,外地来津,2022-02-24,527,0,504,0,0,0,0
天津,外地来津,2022-02-23,527,1,504,1,0,0,0
天津,外地来津,2022-02-22,526,3,503,0,0,0,0
天津,外地来津,2022-02-21,523,0,503,0,0,0,0
天津,外地来津,2022-02-20,523,1,503,1,0,0,0
天津,外地来津,2022-02-19,522,1,502,1,0,0,0
天津,外地来津,2022-02-18,521,3,501,0,0,0,0
天津,外地来津,2022-02-17,518,0,501,0,0,0,0
天津,外地来津,2022-02-16,518,0,501,0,0,0,0
天津,外地来津,2022-02-15,518,1,501,2,0,0,0
天津,外地来津,2022-02-14,517,0,499,0,0,0,0
天津,外地来津,2022-02-13,517,0,499,1,0,0,0
天津,外地来津,2022-02-12,517,0,498,0,0,0,0
天津,外地来津,2022-02-11,517,1,498,0,0,0,0
天津,外地来津,2022-02-10,516,1,498,0,0,0,0
天津,外地来津,2022-02-09,515,0,498,2,0,0,0
天津,外地来津,2022-02-08,515,1,496,0,0,0,0
天津,外地来津,2022-02-07,514,1,496,0,0,0,0
天津,外地来津,2022-02-06,513,0,496,0,0,0,0
天津,外地来津,2022-02-05,513,0,496,0,0,0,0
天津,外地来津,2022-02-04,513,1,496,5,0,0,0
天津,外地来津,2022-02-03,512,0,491,0,0,0,0
天津,外地来津,2022-02-02,512,1,491,6,0,0,0
天津,外地来津,2022-02-01,511,0,485,0,0,0,0
天津,外地来津,2022-01-31,511,2,485,2,0,0,0
天津,外地来津,2022-01-30,509,0,483,2,0,0,0
天津,外地来津,2022-01-29,509,0,481,0,0,0,0
天津,外地来津,2022-01-28,509,1,481,5,0,0,0
天津,外地来津,2022-01-27,508,0,476,1,0,0,0
天津,外地来津,2022-01-26,508,0,475,2,0,0,0
天津,外地来津,2022-01-25,508,2,473,6,0,0,0
天津,外地来津,2022-01-24,506,0,467,5,0,0,0
天津,外地来津,2022-01-23,506,2,462,4,0,0,0
天津,外地来津,2022-01-22,504,0,458,10,0,0,0
天津,外地来津,2022-01-21,504,0,448,17,0,0,0
天津,外地来津,2022-01-20,504,0,431,5,0,0,0
天津,外地来津,2022-01-19,504,0,426,14,0,0,0
天津,外地来津,2022-01-18,504,0,412,0,0,0,0
天津,外地来津,2022-01-17,504,0,412,4,0,0,0
天津,外地来津,2022-01-16,504,0,408,5,0,0,0
天津,外地来津,2022-01-15,504,1,403,2,0,0,0
天津,外地来津,2022-01-14,503,2,401,0,0,0,0
天津,外地来津,2022-01-13,501,3,401,8,0,0,0
天津,外地来津,2022-01-12,498,6,393,0,0,0,0
天津,外地来津,2022-01-11,492,4,393,1,0,0,0
天津,外地来津,2022-01-10,488,8,392,6,0,0,0
天津,外地来津,2022-01-09,480,4,386,0,0,0,0
天津,外地来津,2022-01-08,476,1,386,0,0,0,0
天津,外地来津,2022-01-07,475,6,386,2,0,0,0
天津,外地来津,2022-01-06,469,9,384,3,0,0,0
天津,外地来津,2022-01-05,460,4,381,2,0,0,0
天津,外地来津,2022-01-04,456,5,379,1,0,0,0
天津,外地来津,2022-01-03,451,1,378,2,0,0,0
天津,外地来津,2022-01-02,450,2,376,1,0,0,0
天津,外地来津,2022-01-01,448,5,375,3,0,0,0
天津,外地来津,2021-12-31,443,9,372,0,0,0,0
天津,外地来津,2021-12-30,434,4,372,1,0,0,0
天津,外地来津,2021-12-29,430,4,371,1,0,0,0
天津,外地来津,2021-12-28,426,7,370,1,0,0,0
天津,外地来津,2021-12-27,419,1,369,0,0,0,0
天津,外地来津,2021-12-26,418,2,369,1,0,0,0
天津,外地来津,2021-12-25,416,8,368,0,0,0,0
天津,外地来津,2021-12-24,408,9,368,0,0,0,0
天津,外地来津,2021-12-23,399,0,368,1,0,0,0
天津,外地来津,2021-12-22,399,1,367,1,0,0,0
天津,外地来津,2021-12-21,398,1,366,0,0,0,0
天津,外地来津,2021-12-20,397,1,366,0,0,0,0
天津,外地来津,2021-12-19,396,1,366,0,0,0,0
天津,外地来津,2021-12-18,395,1,366,0,0,0,0
天津,外地来津,2021-12-17,394,2,366,0,0,0,0
天津,外地来津,2021-12-16,392,0,366,2,0,0,0
天津,外地来津,2021-12-15,392,0,364,0,0,0,0
天津,外地来津,2021-12-14,392,0,364,1,0,0,0
天津,外地来津,2021-12-13,392,0,363,0,0,0,0
天津,外地来津,2021-12-12,392,0,363,1,0,0,0
天津,外地来津,2021-12-11,392,0,362,1,0,0,0
天津,外地来津,2021-12-10,392,0,361,0,0,0,0
天津,外地来津,2021-12-09,392,0,361,0,0,0,0
天津,外地来津,2021-12-08,392,1,361,0,0,0,0
天津,外地来津,2021-12-07,391,1,361,1,0,0,0
天津,外地来津,2021-12-06,390,0,360,0,0,0,0
天津,外地来津,2021-12-05,390,0,360,1,0,0,0
天津,外地来津,2021-12-04,390,2,359,1,0,0,0
天津,外地来津,2021-12-03,388,0,358,4,0,0,0
天津,外地来津,2021-12-02,388,1,354,0,0,0,0
天津,外地来津,2021-12-01,387,1,354,0,0,0,0
天津,外地来津,2021-11-30,386,0,354,2,0,0,0
天津,外地来津,2021-11-29,386,1,352,2,0,0,0
天津,外地来津,2021-11-28,385,0,350,0,0,0,0
天津,外地来津,2021-11-27,385,0,350,2,0,0,0
天津,外地来津,2021-11-26,385,1,348,0,0,0,0
天津,外地来津,2021-11-25,384,1,348,0,0,0,0
天津,外地来津,2021-11-24,383,0,348,0,0,0,0
天津,外地来津,2021-11-23,383,0,348,1,0,0,0
天津,外地来津,2021-11-22,383,0,347,0,0,0,0
天津,外地来津,2021-11-21,383,0,347,0,0,0,0
天津,外地来津,2021-11-20,383,1,347,1,0,0,0
天津,外地来津,2021-11-19,382,0,346,0,0,0,0
天津,外地来津,2021-11-18,382,0,346,1,0,0,0
天津,外地来津,2021-11-17,382,8,345,0,0,0,0
天津,外地来津,2021-11-16,374,1,345,1,0,0,0
天津,外地来津,2021-11-15,373,0,344,0,0,0,0
天津,外地来津,2021-11-14,373,0,344,1,0,0,0
天津,外地来津,2021-11-13,373,5,343,3,0,0,0
天津,外地来津,2021-11-12,368,3,340,1,0,0,0
天津,外地来津,2021-11-11,365,0,339,0,0,0,0
天津,外地来津,2021-11-10,365,1,339,0,0,0,0
天津,外地来津,2021-11-09,364,0,339,1,0,0,0
天津,外地来津,2021-11-08,364,2,338,0,0,0,0
天津,外地来津,2021-11-07,362,0,338,0,0,0,0
天津,外地来津,2021-11-06,362,0,338,0,0,0,0
天津,外地来津,2021-11-05,362,1,338,1,0,0,0
天津,外地来津,2021-11-04,361,1,337,0,0,0,0
天津,外地来津,2021-11-03,360,0,337,1,0,0,0
天津,外地来津,2021-11-02,360,0,336,1,0,0,0
天津,外地来津,2021-11-01,360,1,335,1,0,0,0
天津,外地来津,2021-10-31,359,0,334,0,0,0,0
天津,外地来津,2021-10-30,359,1,334,1,0,0,0
天津,外地来津,2021-10-29,358,0,333,0,0,0,0